33 79
0 0 0 0 0 0 0 0 0 0 0 0 0 0 0 0 0 0 0 0 0 0 0 0 0 0 0 0 0 0 0 0 0
0 0 0 0 0 0 0 0 0 0 0 0 0 0 0 0 0 0 0 0 0 0 0 0 0 0 0 0 0 0 0 0 0
0 0 0 0 0 0 0 0 0 0 0 0 0 0 0 0 0 0 0 0 0 0 0 0 0 0 0 0 0 0 0 0 0
0 0 0 0 0 0 0 0 0 0 0 0 0 0 0 0 0 0 0 0 0 0 0 0 0 0 0 0 0 0 0 0 0
0 0 0 0 0 0 0 0 0 0 0 0 0 0 0 0 0 0 0 0 0 0 0 0 0 0 0 0 0 0 0 0 0
0 0 0 0 1 1 1 3 3 2 2 2 1 3 3 2 2 2 1 3 2 2 2 1 1 3 2 2 0 0 0 0 0
0 0 0 0 2 1 1 3 3 1 1 1 2 1 1 3 1 3 3 3 2 1 1 2 2 2 3 3 0 0 0 0 0
0 0 0 0 1 2 3 3 2 1 1 2 2 2 1 1 2 2 3 3 2 2 1 1 2 2 3 1 0 0 0 0 0
0 0 0 0 1 2 2 2 1 1 3 3 3 2 2 2 1 1 3 3 3 1 1 2 2 3 3 1 0 0 0 0 0
0 0 0 0 2 2 2 2 2 1 1 3 3 1 1 3 2 1 3 1 1 3 3 3 2 2 1 1 0 0 0 0 0
0 0 0 0 3 3 2 3 2 2 1 1 1 3 3 1 3 3 3 1 1 1 2 1 1 3 1 2 0 0 0 0 0
0 0 0 0 2 3 3 1 1 2 1 1 2 2 1 1 3 3 3 1 2 3 2 1 3 3 1 2 0 0 0 0 0
0 0 0 0 2 3 3 2 2 2 3 1 1 1 3 1 1 2 2 2 1 1 3 2 2 2 3 2 0 0 0 0 0
0 0 0 0 2 2 3 2 2 1 3 3 3 1 1 1 2 2 2 1 1 1 1 2 1 2 3 3 0 0 0 0 0
0 0 0 0 3 3 1 1 2 1 2 2 3 1 3 3 2 2 2 1 3 1 1 2 1 1 3 3 0 0 0 0 0
0 0 0 0 3 3 1 1 3 2 2 2 3 1 2 1 3 2 1 1 1 2 1 3 1 1 2 3 0 0 0 0 0
0 0 0 0 3 1 1 1 3 1 1 2 1 3 2 2 0 2 1 2 1 2 2 3 2 1 2 1 0 0 0 0 0
0 0 0 0 2 1 3 3 2 3 1 1 3 1 2 1 1 2 1 2 3 2 2 1 2 3 3 1 0 0 0 0 0
0 0 0 0 2 1 3 3 2 3 2 1 3 1 1 2 2 3 3 3 3 3 2 3 2 2 3 1 0 0 0 0 0
0 0 0 0 1 3 1 3 3 1 3 2 1 3 3 3 2 2 1 3 1 1 3 3 3 2 2 3 0 0 0 0 0
0 0 0 0 3 2 1 1 3 2 1 2 1 3 3 1 3 3 2 2 1 2 3 3 3 2 2 3 0 0 0 0 0
0 0 0 0 3 2 1 1 2 2 1 2 3 1 1 1 2 2 2 3 3 3 2 1 1 1 2 3 0 0 0 0 0
0 0 0 0 1 2 3 3 1 3 1 3 3 3 2 3 3 3 2 1 1 2 2 2 1 2 1 2 0 0 0 0 0
0 0 0 0 2 3 3 3 3 3 1 1 3 2 2 3 2 2 2 3 3 1 3 3 3 2 1 2 0 0 0 0 0
0 0 0 0 2 3 1 3 3 3 1 1 1 2 1 2 1 1 3 3 1 2 1 3 3 1 1 2 0 0 0 0 0
0 0 0 0 1 2 2 1 1 3 3 3 1 1 3 2 3 3 3 1 1 3 3 1 3 1 3 3 0 0 0 0 0
0 0 0 0 1 1 3 1 1 2 3 3 2 1 1 2 2 1 3 3 3 2 2 1 3 3 1 3 0 0 0 0 0
0 0 0 0 1 3 3 3 2 2 2 3 1 3 1 1 3 3 3 1 2 2 2 1 1 2 1 3 0 0 0 0 0
0 0 0 0 2 1 1 2 2 2 1 1 0 0 0 0 0 0 0 0 0 0 0 0 0 0 0 0 0 0 0 0 0
0 0 0 0 0 0 0 0 0 0 0 0 0 0 0 0 0 0 0 0 0 0 0 0 0 0 0 0 0 0 0 0 0
0 0 0 0 0 0 0 0 0 0 0 0 0 0 0 0 0 0 0 0 0 0 0 0 0 0 0 0 0 0 0 0 0
0 0 0 0 0 0 0 0 0 0 0 0 0 0 0 0 0 0 0 0 0 0 0 0 0 0 0 0 0 0 0 0 0
0 0 0 0 0 0 0 0 0 0 0 0 0 0 0 0 0 0 0 0 0 0 0 0 0 0 0 0 0 0 0 0 0
3 7
4 12
2 12
3 16
1 15
4 9
4 7
3 8
4 11
4 6
4 6
3 14
1 12
2 4
1 6
2 9
3 13
3 8
3 14
2 11
2 5
3 10
3 1
2 1
2 2
2 6
3 15
4 7
3 5
4 11
3 13
3 13
1 4
4 7
4 8
2 11
1 3
4 5
2 7
1 7
3 14
2 4
4 2
1 15
4 2
1 14
2 1
2 14
4 3
1 14
1 6
4 10
2 13
4 12
2 8
2 5
4 12
2 7
2 5
3 14
1 2
2 13
4 11
4 9
2 2
3 7
2 5
4 7
2 14
1 2
4 13
4 6
3 16
1 4
2 9
4 1
1 5
1 12
2 11
